RAT MESENTERY 546 segments

    segment_name  node_from     node_to    segment_diameter
	1	830	1	27.65
	2	1	2	23.11
	3	2	3	26.74
	4	3	4	22.05
	5	4	5	20.22
	6	5	6	20.02
	7	6	7	16.55
	8	7	8	13.53
	9	8	9	12.78
	10	9	10	13.94
	11	10	11	13.63
	12	11	12	14.72
	13	12	13	14.37
	14	13	14	15.15
	15	14	15	14.84
	16	15	16	11.98
	17	16	17	12.1
	18	17	18	11.52
	19	18	19	12.43
	20	19	20	12.18
	21	20	21	6.06
	22	19	22	6.95
	23	18	23	5.84
	24	16	24	12.98
	25	15	25	6.14
	26	25	26	5.25
	27	26	27	8.71
	28	14	29	3.8
	29	12	29	6.59
	30	29	30	6.39
	31	30	31	6.02
	32	31	32	6.59
	33	11	33	6.68
	34	33	34	5.13
	35	34	35	6.25
	36	9	36	6.06
	37	36	37	6.3
	38	7	38	13.66
	39	38	39	16.11
	40	39	40	16.11
	41	40	41	14.81
	42	41	42	12.88
	43	42	43	12.8
	44	43	44	9.66
	45	44	45	8.55
	46	45	46	10.09
	47	44	47	5.92
	48	43	48	12.56
	49	48	49	13.47
	50	41	50	7.44
	51	50	51	5.64
	52	6	52	18.24
	53	52	53	17.66
	54	53	54	13.16
	55	54	55	10.38
	56	55	56	15.09
	57	56	57	11.09
	58	57	58	12.43
	59	58	59	14.74
	60	59	60	7.67
	61	60	61	8.64
	62	61	62	9.85
	63	62	63	9.96
	64	63	64	6.39
	65	64	65	11.38
	66	62	66	6.2
	67	66	67	8
	68	57	68	13.34
	69	68	69	11.72
	70	69	70	7.82
	71	70	71	10.44
	72	71	72	8.85
	73	70	73	8.98
	74	54	74	3.83
	75	53	75	16.36
	76	75	76	15.39
	77	76	77	12.61
	78	77	78	11.13
	79	78	79	11.55
	80	78	80	7.59
	81	77	81	7.24
	82	76	82	14.56
	83	82	83	16.76
	84	83	84	17.71
	85	84	85	12.35
	86	85	86	11.31
	87	86	87	8.04
	88	84	88	10.1
	89	88	89	7.85
	90	89	90	6.05
	91	88	91	8.4
	92	75	92	8.33
	93	92	93	6.31
	94	5	94	8.98
	95	94	95	8.86
	96	95	96	7.97
	97	4	97	6.56
	98	97	98	5.92
	99	3	99	21.74
	100	99	100	19.2
	101	100	101	16.14
	102	101	102	16.39
	103	102	103	16.42
	104	103	104	14.62
	105	104	105	15.68
	106	105	106	14.5
	107	106	107	13.56
	108	107	108	9.96
	109	108	109	7.25
	110	109	110	4.99
	111	107	111	10.39
	112	111	112	8.11
	113	106	113	9.37
	114	113	114	7.17
	115	114	115	6.33
	116	115	116	8.08
	117	116	117	8.91
	118	114	118	6.05
	119	105	119	6.39
	120	119	120	7.53
	121	104	121	6.98
	122	121	122	4.61
	123	103	123	7.5
	124	101	124	8.76
	125	124	125	10.12
	126	125	126	6.99
	127	125	127	8.46
	128	124	128	8.36
	129	100	129	15.42
	130	129	130	15.75
	131	130	832	12.69
	134	130	134	5.11
	135	129	135	7.13
	136	1	136	7.37
	137	136	137	8.28
	138	137	138	8.46
	139	138	139	6.84
	140	136	829	6.79
	213	818	213	13.24
	214	213	214	8.74
	215	213	215	11.36
	216	215	216	8.43
	218	824	218	9.85
	219	218	219	9.02
	220	219	220	6.36
	221	219	221	7.14
	222	218	222	7.35
	223	222	223	5.64
	230	826	230	9.25
	231	230	231	11.62
	235	835	235	9.49
	236	836	236	7.13
	237	236	237	12.37
	238	237	238	10.71
	302	2	302	9.3
	303	302	303	9.46
	321	220	321	8.31
	327	27	327	5.46
	352	52	352	6.67
	380	80	380	7.32
	387	87	387	6.79
	399	99	399	6.02
	1008	8	2219	5.81
	1010	10	2219	5.06
	1017	17	2209	7.85
	1020	20	2188	9.12
	1021	21	2188	11.11
	1022	22	2192	6.56
	1023	23	2193	11.11
	1024	24	2200	10.71
	1025	25	2213	7.35
	1026	26	2213	6.3
	1030	30	2163	4.04
	1031	31	2160	12.1
	1032	32	2163	6.06
	1033	33	2222	6
	1034	34	2224	6.88
	1035	35	2226	6.36
	1036	36	2216	5.08
	1037	37	2217	4.14
	1038	38	2153	5.84
	1039	39	2154	8.07
	1040	40	2154	4.2
	1042	42	2162	5.81
	1045	45	2135	4.72
	1046	46	2152	7.24
	1047	47	2135	6.43
	1048	48	2162	14.66
	1049	49	2166	8.86
	1050	50	2150	7.24
	1051	51	2129	4.59
	1055	55	2054	4.14
	1056	56	2052	5.2
	1058	58	2012	7.67
	1059	59	2039	8.46
	1060	60	2128	5.04
	1061	61	2130	8.91
	1063	63	2131	4.43
	1064	64	2149	7.05
	1065	65	2132	4.14
	1066	66	2047	6.56
	1067	67	2046	6.43
	1068	68	2040	7.35
	1069	69	2056	6.33
	1071	71	2040	5.92
	1072	72	2038	7.24
	1073	73	2037	8.4
	1074	74	2010	5.64
	1079	79	2074	7.05
	1080	80	2071	9.45
	1081	81	2068	7.69
	1082	82	2055	4.43
	1083	83	2058	7.71
	1085	85	2058	14.66
	1086	86	2028	9.58
	1087	87	2028	4.72
	1089	89	2029	5.06
	1090	90	2030	7.56
	1091	91	2036	9.09
	1092	92	2061	6.59
	1093	93	2068	6.56
	1094	94	2255	7.21
	1095	95	2253	5.06
	1096	96	2276	7.35
	1097	97	2125	5.38
	1098	98	2260	5.84
	1102	102	2115	7.13
	1106	113	2102	6.82
	1108	108	2094	12.68
	1109	109	2094	6.64
	1110	110	2093	8.62
	1111	111	2099	14.37
	1112	112	2105	6.02
	1115	115	2092	8.46
	1116	116	2096	10.7
	1117	117	2091	6.21
	1118	118	2096	10.35
	1119	119	2102	6.32
	1120	120	2101	6.43
	1121	121	2114	6.52
	1122	122	2064	5.3
	1123	123	2117	5.64
	1126	126	2112	6.79
	1127	127	2121	6.79
	1128	128	2123	8.11
	1134	134	2110	10.89
	1135	135	2117	5.08
	1137	137	2257	7.53
	1138	138	2256	4.54
	1139	139	2265	7.75
	1171	822	2221	8.86
	1179	821	2223	8.29
	1210	838	2197	7.24
	1214	214	2203	10.1
	1215	215	2205	6.95
	1216	216	819	12.63
	1220	220	2303	6.95
	1221	221	2251	5.4
	1222	222	2002	6.06
	1223	223	2274	6.43
	1230	230	2275	11.62
	1231	231	2275	9.9
	1235	235	2090	6.84
	1236	236	2086	7.05
	1237	237	2088	8.71
	1238	238	2088	8.91
	1302	302	2118	6.43
	1303	303	831	10.5
	1321	321	2304	7.05
	1327	327	2309	4.41
	1352	352	2127	4.2
	1380	380	2070	5.61
	1387	387	2324	6.13
	1399	399	2261	7.35
	1402	801	2082	7.52
	1403	803	2024	7.53
	1409	804	2023	6.7
	1521	21	2174	7.05
	1522	22	2190	3.87
	1523	23	2193	6.52
	1524	13	2207	4.41
	1527	27	2209	3.87
	1532	32	2160	6.79
	1535	35	2226	3.99
	1537	37	2217	4.31
	1546	46	2151	6.59
	1547	47	2167	7.05
	1549	49	2165	11.09
	1551	51	2152	5.08
	1565	65	2149	7.14
	1567	67	2041	9.77
	1572	72	2037	3.8
	1573	73	2057	12.31
	1574	74	2052	4.99
	1579	79	2074	10.97
	1581	81	2069	7.28
	1590	90	2029	5.95
	1591	91	2030	7.05
	1593	93	2061	5.73
	1596	96	2274	7.14
	1598	98	2125	5.62
	1610	110	2090	4.39
	1612	112	2106	8.46
	1617	117	2075	6.3
	1618	118	2095	5.92
	1620	120	2100	6.95
	1622	122	2113	6.32
	1623	123	2111	8.98
	1624	24	2207	3.86
	1626	126	2121	8.82
	1627	127	2122	5.04
	1628	128	2260	7.67
	1634	134	2110	5.81
	1635	135	2111	9.84
	1639	139	2262	5.2
	1714	214	2201	7.13
	1716	216	2205	8.93
	1721	221	2155	6.96
	1723	223	2273	5.46
	1731	231	2276	8.58
	1735	235	2089	11.11
	1738	238	2086	8.98
	1803	303	2118	7.57
	1821	321	2251	6.05
	1827	327	2211	5.2
	1852	352	2127	6.31
	1880	380	2069	7.67
	1887	387	2081	3.15
	1899	399	2261	6.84
	2001	2001	825	58.84
	2002	2002	2001	55.2
	2003	2003	2002	59.19
	2004	2004	2304	55.07
	2005	2005	2004	55.87
	2006	2006	2005	54.55
	2007	2007	2006	47.04
	2008	2008	2007	47.54
	2009	2009	2008	46.93
	2010	2010	2009	42.78
	2011	2011	2010	40.86
	2012	2012	2011	40.43
	2013	2013	2012	41.07
	2014	2014	2013	47.29
	2015	2015	2014	38.81
	2016	2016	2015	28.37
	2017	2017	2016	25.22
	2018	2018	2017	22.32
	2019	2019	2018	23.34
	2020	2020	2019	22.38
	2021	2021	2020	21.13
	2022	2022	2021	12.25
	2023	2023	2022	13.76
	2024	2024	2023	13.19
	2025	802	2324	9.09
	2026	805	2022	7.67
	2027	2027	2021	15.46
	2028	2028	2027	8.24
	2029	2029	2027	6.06
	2030	2030	2020	6.56
	2031	806	2319	11.35
	2032	2032	2319	14.02
	2033	809	2032	9.53
	2035	2032	2018	5.64
	2036	2036	2017	10.34
	2037	2037	2036	8.48
	2038	2038	2016	9.27
	2039	2039	2038	10.71
	2040	2040	2039	9.68
	2041	2041	2015	33.83
	2042	2042	2041	32.29
	2043	810	2042	27.85
	2046	2046	2042	22.84
	2047	2047	2046	21.74
	2048	811	2047	18.18
	2052	2052	2011	6.67
	2053	2053	2009	37.73
	2054	2054	2053	18.74
	2055	2055	2054	16.14
	2056	2056	2055	11.35
	2057	2057	2056	17.73
	2058	2058	2057	12.03
	2059	2059	2053	36.87
	2061	2061	2059	6.3
	2062	2062	2059	36.38
	2063	2063	2062	40.41
	2064	2064	2063	38.98
	2065	2065	2064	41.43
	2066	2066	2065	28.58
	2067	2067	2066	10.66
	2068	2068	2067	5.64
	2069	2069	2067	10.24
	2070	2070	2066	32.77
	2071	2071	2070	39.86
	2072	2072	2071	32.81
	2073	2073	2072	31.08
	2074	2074	2073	16.82
	2075	2075	2073	29.62
	2076	2076	2075	28.75
	2077	2077	2076	21.88
	2078	2080	2077	5.3
	2079	2079	2077	23.7
	2080	2080	2079	12.94
	2081	2081	2080	12.74
	2082	2082	2081	11.65
	2083	837	2082	11.19
	2085	2085	2079	20.93
	2086	2086	2085	10.4
	2087	2087	2085	15.98
	2088	2088	2087	8.33
	2089	2089	2087	10.84
	2090	2090	2089	6.39
	2091	2091	2076	18.19
	2092	2092	2091	18.61
	2093	2093	2092	16.39
	2094	2094	2093	10.89
	2095	2095	2072	18.05
	2096	2096	2095	11.83
	2097	2097	2065	35.3
	2098	2098	2097	35.37
	2099	2099	2098	17.65
	2100	2100	2099	9.53
	2101	2101	2100	9.99
	2102	2102	2101	6.31
	2103	2103	2098	32.69
	2104	2104	2103	29.78
	2105	2105	2104	28.18
	2106	2106	2105	12.85
	2107	834	2106	14.55
	2108	833	2104	30.29
	2110	2110	2103	9.77
	2111	2111	2097	9.66
	2112	2112	2063	13.35
	2113	2113	2112	9.33
	2114	2114	2113	11.41
	2115	2115	2114	12.68
	2116	2116	2115	10.11
	2117	2117	2116	7.53
	2118	2118	2116	9.18
	2119	2119	2062	11.01
	2120	2120	2119	10.47
	2121	2121	2120	11.47
	2122	2122	2120	6.82
	2123	2123	2122	7.06
	2124	2124	2123	6.52
	2125	2125	2124	6.8
	2126	2124	2119	8.83
	2127	2127	2007	8.2
	2128	2128	2014	34.97
	2129	2129	2128	36.08
	2130	2130	2129	35.71
	2131	2131	2130	34.32
	2132	2132	2131	37.3
	2133	2133	2132	36.08
	2134	2134	2133	35.14
	2135	2135	2134	8.29
	2136	813	2134	37.78
	2147	2147	2133	12.43
	2148	812	2147	9.49
	2149	2149	2147	9.54
	2150	2150	2013	12.33
	2151	2151	2150	12.88
	2152	2152	2151	7.05
	2153	2153	2008	7.57
	2154	2154	2153	5.59
	2155	2155	2006	45.51
	2156	2156	2155	49.67
	2157	2157	2156	44.64
	2158	2158	2159	48.45
	2159	2159	2157	48.26
	2160	2160	2159	12.65
	2161	2161	2158	50.24
	2162	2162	2158	19.49
	2163	2163	2157	6.98
	2164	2164	2161	47.1
	2165	2165	2164	51.19
	2166	2166	2665	44.87
	2167	2167	2166	44.4
	2168	814	2167	39.81
	2174	2174	2665	37.18
	2175	2175	2174	37.33
	2176	815	2175	33.12
	2188	2188	2175	12.99
	2189	2189	2164	24.59
	2190	2190	2189	19.92
	2191	2191	2190	26.8
	2192	2192	2191	11.36
	2193	2193	2192	12.84
	2194	2194	2191	20.36
	2195	816	2194	10.84
	2197	2197	2194	18.46
	2198	2198	2197	18.42
	2199	817	2198	8.28
	2200	2200	2198	13.47
	2201	2201	2200	13.52
	2202	2202	2201	12.59
	2203	2203	2202	10.18
	2204	2204	2203	9.44
	2205	2205	2204	9.3
	2206	2206	2204	6.82
	2207	2207	2206	7.06
	2208	2206	2202	8.82
	2209	2209	2309	9.84
	2210	2210	2161	14.71
	2211	2211	2210	13.24
	2212	2212	2211	5.64
	2213	2213	2212	7.75
	2214	2212	2210	8.08
	2215	2215	2156	29.33
	2216	2216	2215	6.75
	2217	2217	2216	4.99
	2218	2218	2215	32.63
	2219	2219	2218	7.25
	2220	2220	2218	37.8
	2221	2221	2220	38.48
	2222	2222	2221	39.46
	2223	2223	2222	35.65
	2224	2224	2223	34.92
	2225	2225	2224	39.62
	2226	2226	2225	6.72
	2227	820	2225	39.1
	2250	823	2220	5.38
	2251	2251	2004	6.3
	2253	2253	2005	16.55
	2254	2254	2253	16.44
	2255	2255	2254	12.63
	2256	2256	2255	11.17
	2257	2257	2256	10.71
	2259	2259	2257	12.44
	2260	2260	2259	9.22
	2261	2261	2259	8.07
	2262	2262	2254	20.99
	2263	2263	2262	18.24
	2264	2264	2263	13.82
	2265	2265	2264	13.72
	2266	828	2265	15.98
	2270	827	2264	15.94
	2273	2273	2003	9.58
	2274	2274	2273	12.98
	2275	2275	2001	14.87
	2276	2276	2263	9.22
	2303	2303	2003	57.92
	2304	2304	2303	56.47
	2309	2309	2189	10.6
	2319	2319	2019	14.27
	2324	2324	2024	9.39
	2665	2665	2165	48.3
				
   boundary_nodes				
	801			
	802			
	803			
	804			
	805			
	806			
	809			
	810			
	811			
	812			
	813			
	814			
	815			
	816			
	817			
	818			
	819			
	820			
	821			
	822			
	823			
	824			
	825			
	826			
	827			
	828			
	829			
	830			
	831			
	832			
	833			
	834			
	835			
	836			
	837			
	838			