RAT MESENTERY 913 segments

    segment_name  node_from     node_to    segment_diameter
	1	999	1	35
	2	1	2	20
	3	2	3	20
	4	3	4	20
	5	4	5	9.5
	6	4	6	22
	7	6	7	10
	8	6	8	20.5
	9	8	9	7
	10	8	10	21.5
	11	9	11	6
	12	9	12	7
	13	12	13	7
	14	10	14	20
	15	10	15	9
	16	15	16	8.5
	17	15	17	10
	18	17	18	7
	19	14	19	12
	20	14	20	19.5
	21	16	21	10
	22	20	22	10.5
	23	22	23	10
	24	23	24	9.5
	25	20	25	20
	26	25	26	20
	27	26	27	12
	28	27	28	10
	29	27	29	10
	30	26	30	18
	31	30	31	18
	32	31	32	18
	33	32	33	18
	34	33	34	19
	35	34	35	16
	36	35	36	14
	37	35	37	14
	38	1	38	35
	39	38	39	13.5
	40	39	40	13
	41	40	41	13
	42	41	42	10.5
	43	38	43	35
	44	43	44	11.5
	45	44	45	10.5
	46	44	46	9
	47	45	47	10.5
	48	47	48	9
	49	47	49	10.5
	50	43	50	45
	51	50	51	21
	52	51	52	21
	53	52	53	21
	54	53	54	20
	55	54	55	10
	56	55	56	10
	57	56	57	7
	58	54	58	16.5
	59	58	59	17
	60	59	60	17
	61	60	61	17
	62	61	62	18
	63	62	63	12.5
	64	63	64	13
	65	64	65	15
	66	65	66	15
	67	62	67	14
	68	67	68	13
	69	68	69	15
	70	69	70	12.5
	71	67	71	11.5
	72	61	72	11
	73	72	73	12.5
	74	72	74	8.5
	75	53	75	15
	76	75	76	14.5
	77	76	77	14.5
	78	77	78	15
	79	78	79	19
	80	79	80	17
	81	80	81	18
	82	81	82	11
	83	81	83	17
	84	50	84	45
	85	84	85	17
	86	85	86	11
	87	86	87	11
	88	85	88	15
	89	88	89	17
	90	89	90	12
	91	90	91	12
	92	89	92	16
	93	92	93	9
	94	92	94	15
	95	94	95	18
	96	95	96	15
	97	96	97	12
	98	88	98	12
	99	98	99	8.5
	100	98	100	12.5
	101	100	101	7
	102	100	102	13
	103	102	103	13.5
	104	103	104	13.5
	105	104	105	11
	106	105	106	15
	107	84	107	41
	108	107	108	38
	109	108	109	14.5
	110	109	110	8.5
	111	109	111	14
	112	111	112	14
	113	112	113	13
	114	113	114	12
	115	114	115	11
	116	108	116	38
	117	116	117	26
	118	117	118	24
	119	118	119	22
	120	119	120	21
	121	119	121	18
	122	121	122	18
	123	122	123	18
	124	123	124	9
	125	123	125	17.5
	126	125	126	11
	127	126	127	8
	128	127	128	10
	129	125	129	13
	130	129	130	14
	131	130	131	12
	132	130	132	11
	133	120	133	10.5
	134	133	134	12
	135	120	135	21
	136	135	136	20
	137	136	137	9
	138	136	138	20
	139	138	139	19
	140	139	140	17
	141	139	141	11
	142	141	142	9
	143	141	143	11
	144	143	144	10
	145	144	145	10
	146	145	146	9.5
	147	140	147	15
	148	147	148	13
	149	148	149	12
	150	140	150	15
	151	150	151	11
	152	150	152	11
	153	116	153	32
	154	153	154	12
	155	154	155	8
	156	154	156	11
	157	156	157	10
	158	157	158	10
	159	158	159	10
	160	153	160	27
	161	160	161	10
	162	161	162	10
	163	162	163	10
	164	163	164	10
	165	164	165	10
	166	160	166	24
	167	166	167	24
	168	167	168	22.5
	169	167	169	12.5
	170	169	170	13
	171	170	171	13
	172	171	172	10
	173	168	173	9
	174	173	174	9
	175	168	175	24
	176	175	176	23
	177	175	177	10
	178	176	178	21
	179	178	179	21
	180	179	180	11
	181	180	181	12
	182	181	182	10
	183	179	183	23
	184	183	184	17
	185	184	185	18
	186	184	186	11
	187	183	187	19
	188	187	188	19
	189	192	189	17
	190	189	190	16
	191	190	191	13
	192	188	192	17
	193	998	193	25
	194	193	194	7
	195	193	195	25
	196	195	196	18
	197	196	197	12
	198	196	198	18
	199	195	199	21
	200	199	200	10.5
	201	199	201	22
	202	201	202	13
	203	202	203	13
	204	203	204	13
	205	204	205	11
	206	205	206	10
	207	204	207	11
	208	207	208	9
	209	207	209	11
	210	209	210	11
	211	201	211	20
	212	211	212	23
	213	212	213	8
	214	213	214	8
	215	212	215	20
	216	215	216	20
	217	216	217	10
	218	216	218	21
	219	217	219	10
	220	219	220	10
	221	220	221	9
	222	220	222	10
	223	222	223	9
	224	222	224	11
	225	218	225	10
	226	225	226	8
	227	226	227	8
	228	225	228	10
	229	228	229	10
	230	229	230	7
	231	230	231	7
	232	218	232	21
	233	232	233	21
	234	233	234	9.5
	235	234	235	9.5
	236	233	236	21
	237	198	237	18.5
	238	237	238	20
	239	238	239	21
	240	239	240	21
	241	997	241	12.5
	242	241	242	12
	243	242	243	12
	244	242	244	13
	245	244	245	13
	246	245	246	13
	247	246	247	11
	248	996	248	14
	249	248	249	13.5
	250	249	250	12
	251	250	251	13
	252	248	252	12
	253	252	253	9
	254	995	254	15
	255	254	255	13
	256	255	256	11
	257	994	257	11.5
	258	993	258	12
	260	991	260	10
	261	260	261	10
	262	952	262	16
	263	262	263	16
	264	263	264	7
	265	263	265	16
	266	265	266	9
	267	266	267	10
	268	267	268	10
	269	268	269	10.5
	270	269	270	10.5
	271	265	271	16
	272	271	272	10
	273	952	273	16
	274	273	274	15
	275	274	275	15.5
	276	275	276	16
	277	276	277	13.5
	278	277	278	11
	279	277	279	13
	280	276	280	9.5
	281	280	281	9.5
	282	281	282	9.5
	283	272	283	10
	284	990	284	14
	285	989	285	11.5
	286	285	286	10
	287	285	287	9
	288	286	288	11
	289	284	289	12.5
	290	289	290	12.5
	291	290	291	13
	292	291	292	15
	293	289	293	13
	294	293	294	10
	295	284	295	13
	296	988	296	14
	297	296	297	10
	298	296	298	16
	299	298	299	16
	300	299	300	16
	301	299	301	10
	302	301	302	10
	303	302	303	9.5
	304	2	987	6.5
	305	3	621	7
	306	5	986	9.5
	307	5	906	7.5
	308	7	906	8.5
	309	7	905	12
	310	11	622	6
	311	11	622	10
	312	12	628	6
	313	13	627	7
	314	13	623	7
	315	17	629	8
	316	18	639	7
	317	18	639	7.5
	318	16	640	7
	319	21	641	10
	320	21	636	9
	321	22	643	6
	322	23	642	7
	323	19	904	11.5
	324	19	909	8
	325	25	909	6.5
	326	24	644	10.5
	327	24	900	10
	328	28	900	12
	329	28	897	10
	330	29	897	17
	331	29	887	9.5
	332	30	910	11
	333	31	888	11
	334	32	910	7
	335	33	888	15
	336	34	911	12
	337	39	624	7
	338	40	626	7
	339	42	626	12
	340	42	633	9.5
	341	41	635	7
	342	46	668	10
	343	46	669	7
	344	45	650	13.5
	345	48	650	9
	346	48	658	10
	347	49	669	15
	348	49	667	9
	349	51	664	9
	350	52	699	10
	351	55	635	7
	352	56	634	7
	353	57	703	7.5
	354	57	703	7
	355	58	701	7
	356	59	701	7.5
	357	60	704	10
	358	63	704	8.5
	359	64	632	7
	360	66	637	15
	361	66	637	9.5
	362	65	646	10
	363	68	646	10.5
	364	69	645	12
	365	70	899	13
	366	70	901	7.5
	367	71	902	10
	368	71	902	11
	369	73	893	12
	370	73	896	11
	371	74	895	13
	372	74	716	15
	373	79	716	9
	374	80	720	8.5
	375	83	719	8.5
	376	83	713	18
	377	82	714	6
	378	82	715	11
	379	78	712	6
	380	77	708	6
	381	76	705	6.5
	382	75	709	10
	383	87	658	11.5
	384	87	660	11
	385	86	661	10.5
	386	90	661	9
	387	91	662	10
	388	91	879	11
	389	97	879	10
	390	97	878	15
	391	96	869	15
	392	95	868	20
	393	94	865	6.5
	394	93	873	23
	395	101	873	10
	396	93	670	20
	397	101	864	6.5
	398	104	864	7
	399	106	863	14
	400	106	859	6.5
	401	105	861	9.5
	402	103	675	7
	403	102	675	7
	404	99	671	7
	405	99	672	6.5
	406	107	698	7
	407	111	706	9
	408	112	762	6
	409	110	756	7
	410	110	756	10
	411	113	710	17
	412	114	710	11
	413	115	738	10
	414	115	737	10.5
	415	117	752	15
	416	118	766	12
	417	122	754	10
	418	129	754	10
	419	132	753	7.5
	420	132	751	12.5
	421	131	747	11.5
	422	131	748	12
	423	126	749	9.5
	424	128	749	10
	425	128	679	10
	426	127	680	7
	427	124	680	9
	428	124	685	10
	429	121	685	7
	430	138	684	10.5
	431	144	683	11.5
	432	143	693	7
	433	145	682	7.5
	434	146	677	15
	435	146	677	9.5
	436	142	694	9
	437	142	695	7
	438	148	695	15
	439	149	692	13
	440	149	985	12
	441	147	795	9
	442	151	795	7
	443	151	794	10
	444	152	792	8.5
	445	152	794	11
	446	137	789	8.5
	447	137	790	9
	448	135	791	7
	449	133	791	7
	450	134	781	9
	451	134	785	10
	452	159	766	13
	453	159	776	8
	454	158	765	10
	455	157	774	11
	456	156	773	8
	457	155	771	9.5
	458	155	772	7
	459	161	758	12.5
	460	162	760	7
	461	163	760	6
	462	164	763	7
	463	166	802	6
	464	165	763	10
	465	165	762	7
	466	169	802	7
	467	174	738	9.5
	468	174	741	8
	469	180	740	7
	470	181	739	11
	471	182	743	6.5
	472	182	744	9
	473	192	744	9
	474	190	734	23
	475	191	729	20
	476	191	730	10
	477	189	984	11
	478	188	983	10
	479	187	982	11
	480	186	835	10
	481	186	981	12
	482	178	835	13
	483	177	825	10
	484	177	825	10
	485	170	826	9
	486	171	826	11
	487	172	823	11
	488	172	823	9
	489	176	742	9
	490	173	742	10
	491	194	780	12
	492	194	780	8.5
	493	197	778	13
	494	200	796	11
	495	200	769	10
	496	197	797	12
	497	205	798	10
	498	206	770	8
	499	206	770	7
	500	208	772	10
	501	208	800	7
	502	209	801	7
	503	203	806	6
	504	202	980	7
	505	211	803	6
	506	215	804	6
	507	213	979	10
	508	214	839	8
	509	214	839	7
	510	198	978	9
	511	237	838	10
	512	238	977	10.5
	513	239	976	12
	514	210	808	9
	515	210	810	9
	516	228	811	11
	517	229	811	10
	518	231	809	7
	519	231	814	7
	520	230	814	7
	521	226	815	10
	522	227	816	8.5
	523	227	818	8
	524	219	818	10
	525	217	843	7
	526	221	843	11
	527	221	847	8
	528	224	847	10
	529	224	848	12
	530	223	848	7
	531	223	849	7
	532	232	820	9
	533	234	830	10
	534	235	829	10.5
	535	235	830	10
	536	954	779	10
	537	241	784	7
	538	243	785	10
	539	243	786	9.5
	540	244	786	10
	541	245	788	13
	542	246	975	13
	543	298	726	7
	544	301	726	8.5
	545	302	725	9
	546	303	732	8
	547	303	732	11
	548	297	727	8
	549	297	727	8
	550	287	723	12
	551	287	721	8
	552	288	721	9.5
	553	288	895	10
	554	286	894	12
	555	293	974	10
	556	294	806	9
	557	294	973	9.5
	558	291	972	10
	559	290	892	11.5
	560	292	891	8.5
	561	249	689	12
	562	250	689	8
	563	251	676	19
	564	251	861	11.5
	565	253	855	8
	566	252	855	11
	567	253	860	8
	568	254	853	10
	569	256	853	8.5
	570	256	866	9.5
	571	255	867	11
	572	953	867	13
	573	953	871	10
	574	257	871	14
	575	257	872	10
	576	258	872	9
	577	258	877	8.5
	580	260	613	9.5
	581	261	614	10
	582	261	617	13
	583	262	619	7
	584	266	619	7
	585	268	618	10
	586	269	618	10
	587	267	652	9
	588	270	651	10
	589	270	649	9.5
	590	264	657	7
	591	264	656	10
	592	272	657	7.5
	593	271	654	15
	594	283	886	8.5
	595	283	885	11.5
	596	273	886	8.5
	597	274	881	12
	598	275	882	10
	599	282	969	9
	600	282	968	9
	601	280	874	10
	602	278	875	6.5
	603	278	876	10.5
	604	279	663	7
	605	279	663	13
	606	281	884	10
	607	967	820	9
	608	965	849	11
	609	964	828	9.5
	610	963	832	14
	611	611	962	65
	612	612	611	21
	613	613	611	65
	614	614	613	65
	615	615	614	65
	616	616	913	12
	617	617	616	12
	618	618	616	10
	619	619	617	10
	620	620	615	30
	621	621	620	14
	622	622	621	11
	623	623	620	28
	624	624	623	28
	625	625	624	25
	626	626	625	13
	627	627	625	26.5
	628	628	627	26.5
	629	629	628	26.5
	630	630	629	28
	631	631	630	22.5
	632	632	631	18
	633	633	632	12
	634	634	633	12
	635	635	634	7
	636	636	631	16.5
	637	637	636	14.5
	638	638	630	20
	639	639	638	9.5
	640	640	638	18
	641	641	640	19
	642	642	641	17
	643	643	642	17
	644	644	643	16
	645	645	644	17
	646	646	645	14
	647	647	913	65
	648	648	647	30
	649	649	648	30
	650	650	648	15
	651	651	649	30
	652	652	651	30
	653	653	652	30
	654	654	653	18
	655	655	653	27
	656	656	654	15
	657	657	656	9.5
	658	658	655	14
	659	659	655	22.5
	660	660	659	17
	661	661	660	13
	662	662	659	17
	663	663	662	17
	664	664	647	65
	665	665	664	66
	666	666	665	68
	667	667	665	9
	668	668	667	15
	669	669	668	15
	670	670	666	37
	671	671	670	32
	672	672	671	32
	673	673	672	33
	674	674	673	22
	675	675	674	11.5
	676	676	674	22
	677	677	676	16
	678	678	673	30
	679	679	678	13
	680	680	679	12
	681	681	678	27
	682	682	681	27
	683	683	681	17
	684	684	683	15
	685	685	684	12
	686	686	682	24
	687	687	686	22
	688	688	686	13
	689	689	688	13
	690	690	688	11
	691	691	692	11.5
	692	692	687	13
	693	693	687	18
	694	694	693	18
	695	695	694	19
	696	696	666	66
	697	697	696	38
	698	698	697	38
	699	699	697	18
	700	700	699	20
	701	701	700	12.5
	702	702	700	17
	703	703	702	10
	704	704	702	15
	705	705	698	38
	706	706	705	38
	707	707	706	38
	708	708	707	40
	709	709	707	20
	710	710	709	20
	711	711	708	40
	712	712	711	27
	713	713	712	27
	714	714	713	18
	715	715	714	18
	716	716	715	17.5
	717	717	711	43
	718	718	717	30
	719	719	718	13.5
	720	720	719	10
	721	721	720	10
	722	722	718	30
	723	723	722	17
	724	724	723	14.5
	725	725	724	12
	726	726	725	9.5
	727	727	724	11.5
	728	728	722	27
	729	729	728	26
	730	730	729	16
	731	731	728	21
	732	732	731	12
	733	733	731	18
	734	734	717	33
	735	735	734	26
	736	736	735	18
	737	737	735	12
	738	738	737	7
	739	739	736	17
	740	740	739	11
	741	741	740	11
	742	742	741	11
	743	743	736	13
	744	744	743	12.5
	746	746	696	59
	747	747	746	20
	748	748	747	19
	749	749	748	11
	750	750	746	58
	751	751	750	22
	752	752	751	20
	753	753	752	15
	754	754	753	15
	755	755	750	56
	756	756	755	11
	757	757	755	54
	758	758	757	20
	759	759	758	20
	760	760	759	9
	761	761	759	15
	762	762	761	11
	763	763	761	10
	764	764	757	53
	765	765	764	17
	766	766	765	17
	767	767	764	50
	768	768	767	18
	769	769	768	15
	770	770	769	10
	771	771	768	15
	772	772	771	13
	773	773	767	52
	774	774	773	54
	775	775	774	54
	776	776	775	25
	777	777	776	25
	778	778	777	11
	779	779	778	12
	780	780	779	13
	781	781	777	25
	782	782	781	25
	783	783	782	24
	784	784	782	12
	785	785	784	10
	786	786	783	18
	787	787	783	23
	788	788	787	21
	789	789	787	12
	790	790	789	10
	791	791	790	9
	792	792	788	21
	793	793	792	15
	794	794	793	15
	795	795	793	10
	796	796	775	52
	797	797	796	46
	798	798	797	46
	799	799	798	42
	800	800	799	14
	801	801	800	12
	802	802	801	11
	803	803	799	42
	804	804	803	41
	805	805	804	42
	806	806	805	8
	807	807	805	42
	808	808	807	15
	809	809	808	15
	810	810	809	15
	811	811	810	12.5
	812	812	807	42
	813	813	812	35
	814	814	813	9
	815	815	813	33
	816	816	815	34
	817	817	816	34
	818	818	817	10
	819	819	817	32
	820	820	819	11
	821	821	819	29
	822	822	821	20
	823	823	822	15
	824	824	822	15
	825	825	824	12
	826	826	824	12
	827	827	821	28
	828	828	827	10
	829	829	828	12.5
	830	830	829	12
	831	831	827	28
	832	832	831	27.5
	833	833	832	28
	834	834	831	17
	835	835	834	14
	836	836	834	13
	837	837	812	31
	838	838	837	16
	839	839	838	11
	840	840	837	34
	841	841	840	29
	842	842	840	30
	843	843	842	13
	844	844	842	30
	845	845	844	30
	846	846	844	12
	847	847	846	10
	848	848	846	11
	849	849	845	12
	850	850	845	29
	851	851	961	14.5
	852	852	851	12
	853	853	851	10
	854	854	960	28
	855	855	854	16.5
	856	856	854	32
	857	857	856	23
	858	858	856	28
	859	859	857	10
	860	860	859	9
	861	861	860	9
	862	862	857	24
	863	863	862	19
	864	864	863	10
	865	865	862	24
	866	866	858	20
	867	867	866	18.5
	868	868	858	32
	869	869	868	18
	870	870	869	18
	871	871	870	13.5
	872	872	870	11
	873	873	865	23
	874	874	959	28
	875	875	874	26
	876	876	875	26
	877	877	876	21
	878	878	877	21
	879	879	878	15
	880	880	958	22.5
	881	881	880	15
	882	882	880	20
	883	883	881	15
	884	884	882	16
	885	885	884	15
	886	886	885	11
	887	887	957	16
	888	888	887	15
	889	889	956	32
	890	890	889	27
	891	891	889	23.5
	892	892	891	23
	893	893	892	19
	894	894	893	12
	895	895	896	11
	896	896	894	11
	897	897	890	12.5
	898	898	890	23
	899	899	898	20
	900	900	899	16.5
	901	901	898	16
	902	902	901	15
	903	903	955	28
	904	904	903	15.5
	905	905	904	13
	906	906	905	12
	907	907	903	21
	908	908	907	17.5
	909	909	908	9.5
	910	910	908	10
	911	911	907	19
	912	912	911	14
	913	913	615	65
	916	292	916	16
	917	917	730	18
	952	914	952	20
	953	915	953	15
				
   boundary_nodes				
	999			
	998			
	997			
	996			
	995			
	994			
	993			
	991			
	990			
	989			
	988			
	987			
	986			
	985			
	984			
	983			
	982			
	981			
	980			
	979			
	978			
	977			
	976			
	975			
	974			
	973			
	972			
	969			
	968			
	967			
	965			
	964			
	963			
	962			
	961			
	960			
	959			
	958			
	957			
	956			
	955			
	954			
	914			
	915			
	916			
	917			
	36			
	37			
	185			
	236			
	240			
	247			
	295			
	300			
	612			
	690			
	691			
	733			
	833			
	836			
	841			
	850			
	852			
	883			
	912			