RAT MESENTERY 913 segments

     number segment_name node_from node_to diameter length
       1      *      999       1      35   348.9
       2      *        1       2      20     155
       3      *        2       3      20     118
       4      *        3       4      20     111
       5      *        4       5     9.5     148
       6      *        4       6      22     311
       7      *        6       7      10     555
       8      *        6       8    20.5     466
       9      *        8       9       7     229
      10      *        8      10    21.5     511
      11      *        9      11       6      37
      12      *        9      12       7     111
      13      *       12      13       7      74
      14      *       10      14      20     281
      15      *       10      15       9      89
      16      *       15      16     8.5     392
      17      *       15      17      10     348
      18      *       17      18       7     222
      19      *       14      19      12     355
      20      *       14      20    19.5     444
      21      *       16      21      10     281
      22      *       20      22    10.5     318
      23      *       22      23      10     222
      24      *       23      24     9.5     444
      25      *       20      25      20     747
      26      *       25      26      20     222
      27      *       26      27      12     518
      28      *       27      28      10     407
      29      *       27      29      10     259
      30      *       26      30      18     111
      31      *       30      31      18      59
      32      *       31      32      18      59
      33      *       32      33      18     222
      34      *       33      34      19     178
      35      *       34      35      16     266
      36      *       35      36      14     444
      37      *       35      37      14   348.9
      38      *        1      38      35     444
      39      *       38      39    13.5     518
      40      *       39      40      13     326
      41      *       40      41      13      74
      42      *       41      42    10.5     377
      43      *       38      43      35    1391
      44      *       43      44    11.5      89
      45      *       44      45    10.5     229
      46      *       44      46       9      74
      47      *       45      47    10.5     148
      48      *       47      48       9     155
      49      *       47      49    10.5     955
      50      *       43      50      45     962
      51      *       50      51      21      15
      52      *       51      52      21       7
      53      *       52      53      21     259
      54      *       53      54      20     755
      55      *       54      55      10     422
      56      *       55      56      10     333
      57      *       56      57       7      52
      58      *       54      58    16.5     577
      59      *       58      59      17     111
      60      *       59      60      17     311
      61      *       60      61      17     237
      62      *       61      62      18     666
      63      *       62      63    12.5     444
      64      *       63      64      13     148
      65      *       64      65      15     651
      66      *       65      66      15     118
      67      *       62      67      14     511
      68      *       67      68      13      96
      69      *       68      69      15     437
      70      *       69      70    12.5     111
      71      *       67      71    11.5     333
      72      *       61      72      11     814
      73      *       72      73    12.5     873
      74      *       72      74     8.5     481
      75      *       53      75      15     407
      76      *       75      76    14.5     429
      77      *       76      77    14.5     229
      78      *       77      78      15     533
      79      *       78      79      19     925
      80      *       79      80      17     873
      81      *       80      81      18     296
      82      *       81      82      11     377
      83      *       81      83      17     311
      84      *       50      84      45     429
      85      *       84      85      17     592
      86      *       85      86      11     829
      87      *       86      87      11      74
      88      *       85      88      15     444
      89      *       88      89      17     429
      90      *       89      90      12     696
      91      *       90      91      12     681
      92      *       89      92      16     407
      93      *       92      93       9     237
      94      *       92      94      15      67
      95      *       94      95      18     873
      96      *       95      96      15     163
      97      *       96      97      12     666
      98      *       88      98      12     222
      99      *       98      99     8.5     629
     100      *       98     100    12.5      89
     101      *      100     101       7     511
     102      *      100     102      13     703
     103      *      102     103    13.5      81
     104      *      103     104    13.5     155
     105      *      104     105      11     518
     106      *      105     106      15     281
     107      *       84     107      41     533
     108      *      107     108      38     118
     109      *      108     109    14.5     333
     110      *      109     110     8.5     518
     111      *      109     111      14     155
     112      *      111     112      14     488
     113      *      112     113      13     770
     114      *      113     114      12     481
     115      *      114     115      11     311
     116      *      108     116      38     592
     117      *      116     117      26     599
     118      *      117     118      24     163
     119      *      118     119      22     429
     120      *      119     120      21      37
     121      *      119     121      18     673
     122      *      121     122      18     141
     123      *      122     123      18     311
     124      *      123     124       9     207
     125      *      123     125    17.5     333
     126      *      125     126      11     185
     127      *      126     127       8      81
     128      *      127     128      10     133
     129      *      125     129      13     118
     130      *      129     130      14     237
     131      *      130     131      12     133
     132      *      130     132      11     163
     133      *      120     133    10.5     437
     134      *      133     134      12     340
     135      *      120     135      21      59
     136      *      135     136      20     141
     137      *      136     137       9     141
     138      *      136     138      20     340
     139      *      138     139      19     237
     140      *      139     140      17     437
     141      *      139     141      11     429
     142      *      141     142       9     488
     143      *      141     143      11     155
     144      *      143     144      10      74
     145      *      144     145      10     296
     146      *      145     146     9.5     259
     147      *      140     147      15     725
     148      *      147     148      13     385
     149      *      148     149      12     222
     150      *      140     150      15     355
     151      *      150     151      11     178
     152      *      150     152      11      89
     153      *      116     153      32     829
     154      *      153     154      12      30
     155      *      154     155       8     192
     156      *      154     156      11     592
     157      *      156     157      10      15
     158      *      157     158      10     155
     159      *      158     159      10     185
     160      *      153     160      27     629
     161      *      160     161      10      37
     162      *      161     162      10      22
     163      *      162     163      10      81
     164      *      163     164      10     215
     165      *      164     165      10      89
     166      *      160     166      24     259
     167      *      166     167      24     237
     168      *      167     168    22.5     407
     169      *      167     169    12.5     207
     170      *      169     170      13    1036
     171      *      170     171      13      89
     172      *      171     172      10     281
     173      *      168     173       9     340
     174      *      173     174       9     207
     175      *      168     175      24     296
     176      *      175     176      23     104
     177      *      175     177      10     784
     178      *      176     178      21     148
     179      *      178     179      21     673
     180      *      179     180      11     155
     181      *      180     181      12     407
     182      *      181     182      10     355
     183      *      179     183      23     340
     184      *      183     184      17      37
     185      *      184     185      18   348.9
     186      *      184     186      11     414
     187      *      183     187      19     252
     188      *      187     188      19     311
     189      *      192     189      17     229
     190      *      189     190      16     289
     191      *      190     191      13     444
     192      *      188     192      17      15
     193      *      998     193      25     259
     194      *      193     194       7      67
     195      *      193     195      25     185
     196      *      195     196      18      44
     197      *      196     197      12     511
     198      *      196     198      18    1036
     199      *      195     199      21     777
     200      *      199     200    10.5     977
     201      *      199     201      22      52
     202      *      201     202      13     592
     203      *      202     203      13     111
     204      *      203     204      13     163
     205      *      204     205      11     459
     206      *      205     206      10      81
     207      *      204     207      11     244
     208      *      207     208       9     252
     209      *      207     209      11     111
     210      *      209     210      11     777
     211      *      201     211      20     311
     212      *      211     212      23     133
     213      *      212     213       8      52
     214      *      213     214       8     126
     215      *      212     215      20     111
     216      *      215     216      20    1184
     217      *      216     217      10     126
     218      *      216     218      21     333
     219      *      217     219      10     518
     220      *      219     220      10      44
     221      *      220     221       9     163
     222      *      220     222      10      59
     223      *      222     223       9     281
     224      *      222     224      11     200
     225      *      218     225      10      81
     226      *      225     226       8      89
     227      *      226     227       8      37
     228      *      225     228      10     370
     229      *      228     229      10      96
     230      *      229     230       7     429
     231      *      230     231       7      44
     232      *      218     232      21     770
     233      *      232     233      21      37
     234      *      233     234     9.5     237
     235      *      234     235     9.5     148
     236      *      233     236      21   348.9
     237      *      198     237    18.5     355
     238      *      237     238      20     725
     239      *      238     239      21     481
     240      *      239     240      21   348.9
     241      *      997     241    12.5     259
     242      *      241     242      12     481
     243      *      242     243      12     814
     244      *      242     244      13    1177
     245      *      244     245      13      96
     246      *      245     246      13     163
     247      *      246     247      11   348.9
     248      *      996     248      14   348.9
     249      *      248     249    13.5     681
     250      *      249     250      12     629
     251      *      250     251      13    1036
     252      *      248     252      12     903
     253      *      252     253       9     185
     254      *      995     254      15   348.9
     255      *      254     255      13      44
     256      *      255     256      11     185
     257      *      994     257    11.5   348.9
     258      *      993     258      12   348.9
     260      *      991     260      10   348.9
     261      *      260     261      10     592
     262      *      952     262      16     555
     263      *      262     263      16     237
     264      *      263     264       7     281
     265      *      263     265      16      44
     266      *      265     266       9      59
     267      *      266     267      10     133
     268      *      267     268      10       7
     269      *      268     269    10.5      96
     270      *      269     270    10.5     104
     271      *      265     271      16     259
     272      *      271     272      10      44
     273      *      952     273      16     755
     274      *      273     274      15      52
     275      *      274     275    15.5     148
     276      *      275     276      16     407
     277      *      276     277    13.5     303
     278      *      277     278      11      59
     279      *      277     279      13     163
     280      *      276     280     9.5     148
     281      *      280     281     9.5      81
     282      *      281     282     9.5     215
     283      *      272     283      10       7
     284      *      990     284      14     237
     285      *      989     285    11.5     429
     286      *      285     286      10     577
     287      *      285     287       9    1043
     288      *      286     288      11     555
     289      *      284     289    12.5     851
     290      *      289     290    12.5     222
     291      *      290     291      13     118
     292      *      291     292      15     444
     293      *      289     293      13     363
     294      *      293     294      10     311
     295      *      284     295      13   348.9
     296      *      988     296      14   348.9
     297      *      296     297      10     511
     298      *      296     298      16     496
     299      *      298     299      16      81
     300      *      299     300      16   348.9
     301      *      299     301      10     318
     302      *      301     302      10     355
     303      *      302     303     9.5     118
     304      *        2     987     6.5   348.9
     305      *        3     621       7     192
     306      *        5     986     9.5     333
     307      *        5     906     7.5    1036
     308      *        7     906     8.5      96
     309      *        7     905      12     266
     310      *       11     622       6     259
     311      *       11     622      10     237
     312      *       12     628       6     229
     313      *       13     627       7     133
     314      *       13     623       7     289
     315      *       17     629       8     303
     316      *       18     639       7     385
     317      *       18     639     7.5     118
     318      *       16     640       7     592
     319      *       21     641      10     363
     320      *       21     636       9     799
     321      *       22     643       6     185
     322      *       23     642       7     289
     323      *       19     904    11.5     481
     324      *       19     909       8     555
     325      *       25     909     6.5     444
     326      *       24     644    10.5     407
     327      *       24     900      10     703
     328      *       28     900      12     333
     329      *       28     897      10     252
     330      *       29     897      17     429
     331      *       29     887     9.5     585
     332      *       30     910      11     222
     333      *       31     888      11     289
     334      *       32     910       7     237
     335      *       33     888      15      44
     336      *       34     911      12     659
     337      *       39     624       7     370
     338      *       40     626       7     259
     339      *       42     626      12     296
     340      *       42     633     9.5    1110
     341      *       41     635       7     400
     342      *       46     668      10     444
     343      *       46     669       7     481
     344      *       45     650    13.5     696
     345      *       48     650       9     659
     346      *       48     658      10     229
     347      *       49     669      15     355
     348      *       49     667       9     533
     349      *       51     664       9     607
     350      *       52     699      10     370
     351      *       55     635       7     910
     352      *       56     634       7     111
     353      *       57     703     7.5     155
     354      *       57     703       7      89
     355      *       58     701       7     296
     356      *       59     701     7.5     377
     357      *       60     704      10     577
     358      *       63     704     8.5     429
     359      *       64     632       7     762
     360      *       66     637      15     451
     361      *       66     637     9.5     651
     362      *       65     646      10     533
     363      *       68     646    10.5     740
     364      *       69     645      12     215
     365      *       70     899      13     370
     366      *       70     901     7.5     555
     367      *       71     902      10     518
     368      *       71     902      11     592
     369      *       73     893      12     289
     370      *       73     896      11      37
     371      *       74     895      13     466
     372      *       74     716      15     237
     373      *       79     716       9     629
     374      *       80     720     8.5     407
     375      *       83     719     8.5     710
     376      *       83     713      18     533
     377      *       82     714       6     385
     378      *       82     715      11     133
     379      *       78     712       6     407
     380      *       77     708       6     592
     381      *       76     705     6.5     340
     382      *       75     709      10    1073
     383      *       87     658    11.5     548
     384      *       87     660      11     289
     385      *       86     661    10.5     333
     386      *       90     661       9     222
     387      *       91     662      10     281
     388      *       91     879      11     696
     389      *       97     879      10     311
     390      *       97     878      15     444
     391      *       96     869      15     681
     392      *       95     868      20     444
     393      *       94     865     6.5     222
     394      *       93     873      23     155
     395      *      101     873      10     555
     396      *       93     670      20     777
     397      *      101     864     6.5     326
     398      *      104     864       7     259
     399      *      106     863      14     163
     400      *      106     859     6.5     289
     401      *      105     861     9.5     281
     402      *      103     675       7     222
     403      *      102     675       7     207
     404      *       99     671       7     185
     405      *       99     672     6.5     370
     406      *      107     698       7     814
     407      *      111     706       9     629
     408      *      112     762       6     592
     409      *      110     756       7     296
     410      *      110     756      10     111
     411      *      113     710      17     777
     412      *      114     710      11     814
     413      *      115     738      10     303
     414      *      115     737    10.5     215
     415      *      117     752      15     755
     416      *      118     766      12     555
     417      *      122     754      10     414
     418      *      129     754      10     555
     419      *      132     753     7.5     488
     420      *      132     751    12.5     407
     421      *      131     747    11.5     377
     422      *      131     748      12     281
     423      *      126     749     9.5     429
     424      *      128     749      10     363
     425      *      128     679      10     414
     426      *      127     680       7     414
     427      *      124     680       9     466
     428      *      124     685      10     222
     429      *      121     685       7     185
     430      *      138     684    10.5     318
     431      *      144     683    11.5     185
     432      *      143     693       7     451
     433      *      145     682     7.5     363
     434      *      146     677      15     333
     435      *      146     677     9.5     266
     436      *      142     694       9     185
     437      *      142     695       7     178
     438      *      148     695      15     444
     439      *      149     692      13     814
     440      *      149     985      12   348.9
     441      *      147     795       9     259
     442      *      151     795       7     289
     443      *      151     794      10     111
     444      *      152     792     8.5     481
     445      *      152     794      11      74
     446      *      137     789     8.5     400
     447      *      137     790       9     118
     448      *      135     791       7     185
     449      *      133     791       7     296
     450      *      134     781       9     385
     451      *      134     785      10     333
     452      *      159     766      13     444
     453      *      159     776       8     363
     454      *      158     765      10     385
     455      *      157     774      11     370
     456      *      156     773       8     281
     457      *      155     771     9.5     503
     458      *      155     772       7     555
     459      *      161     758    12.5     459
     460      *      162     760       7     385
     461      *      163     760       6     518
     462      *      164     763       7     148
     463      *      166     802       6     592
     464      *      165     763      10     133
     465      *      165     762       7    1051
     466      *      169     802       7     281
     467      *      174     738     9.5     355
     468      *      174     741       8     370
     469      *      180     740       7     703
     470      *      181     739      11     592
     471      *      182     743     6.5     799
     472      *      182     744       9     385
     473      *      192     744       9     407
     474      *      190     734      23    1376
     475      *      191     729      20     562
     476      *      191     730      10     296
     477      *      189     984      11   348.9
     478      *      188     983      10     629
     479      *      187     982      11   348.9
     480      *      186     835      10     607
     481      *      186     981      12   348.9
     482      *      178     835      13    1080
     483      *      177     825      10     185
     484      *      177     825      10     229
     485      *      170     826       9     148
     486      *      171     826      11      74
     487      *      172     823      11     829
     488      *      172     823       9     703
     489      *      176     742       9     311
     490      *      173     742      10     192
     491      *      194     780      12     289
     492      *      194     780     8.5     215
     493      *      197     778      13     296
     494      *      200     796      11     488
     495      *      200     769      10     392
     496      *      197     797      12     873
     497      *      205     798      10     326
     498      *      206     770       8     252
     499      *      206     770       7     370
     500      *      208     772      10     444
     501      *      208     800       7     185
     502      *      209     801       7     244
     503      *      203     806       6     607
     504      *      202     980       7     481
     505      *      211     803       6     518
     506      *      215     804       6     451
     507      *      213     979      10     888
     508      *      214     839       8     444
     509      *      214     839       7     429
     510      *      198     978       9     222
     511      *      237     838      10     407
     512      *      238     977    10.5     170
     513      *      239     976      12     296
     514      *      210     808       9     444
     515      *      210     810       9     696
     516      *      228     811      11     636
     517      *      229     811      10     518
     518      *      231     809       7     481
     519      *      231     814       7     148
     520      *      230     814       7     133
     521      *      226     815      10     296
     522      *      227     816     8.5     222
     523      *      227     818       8      74
     524      *      219     818      10     355
     525      *      217     843       7     155
     526      *      221     843      11     518
     527      *      221     847       8      59
     528      *      224     847      10      74
     529      *      224     848      12      37
     530      *      223     848       7      89
     531      *      223     849       7     392
     532      *      232     820       9     333
     533      *      234     830      10     385
     534      *      235     829    10.5     385
     535      *      235     830      10     222
     536      *      954     779      10     555
     537      *      241     784       7     444
     538      *      243     785      10     170
     539      *      243     786     9.5     148
     540      *      244     786      10     688
     541      *      245     788      13     451
     542      *      246     975      13     392
     543      *      298     726       7     333
     544      *      301     726     8.5      96
     545      *      302     725       9     215
     546      *      303     732       8     370
     547      *      303     732      11     281
     548      *      297     727       8     281
     549      *      297     727       8     296
     550      *      287     723      12     555
     551      *      287     721       8     311
     552      *      288     721     9.5      30
     553      *      288     895      10     555
     554      *      286     894      12     947
     555      *      293     974      10     340
     556      *      294     806       9   348.9
     557      *      294     973     9.5     518
     558      *      291     972      10   348.9
     559      *      290     892    11.5     481
     560      *      292     891     8.5     400
     561      *      249     689      12    1739
     562      *      250     689       8     755
     563      *      251     676      19     851
     564      *      251     861    11.5     355
     565      *      253     855       8     296
     566      *      252     855      11     281
     567      *      253     860       8     118
     568      *      254     853      10     592
     569      *      256     853     8.5     481
     570      *      256     866     9.5     133
     571      *      255     867      11     163
     572      *      953     867      13     289
     573      *      953     871      10     148
     574      *      257     871      14     407
     575      *      257     872      10     281
     576      *      258     872       9     407
     577      *      258     877     8.5     444
     580      *      260     613     9.5     459
     581      *      261     614      10     178
     582      *      261     617      13      96
     583      *      262     619       7     141
     584      *      266     619       7     163
     585      *      268     618      10     185
     586      *      269     618      10     200
     587      *      267     652       9     259
     588      *      270     651      10      74
     589      *      270     649     9.5      81
     590      *      264     657       7      59
     591      *      264     656      10     111
     592      *      272     657     7.5     155
     593      *      271     654      15     814
     594      *      283     886     8.5     377
     595      *      283     885    11.5     629
     596      *      273     886     8.5     259
     597      *      274     881      12     666
     598      *      275     882      10     222
     599      *      282     969       9   348.9
     600      *      282     968       9     118
     601      *      280     874      10     444
     602      *      278     875     6.5     141
     603      *      278     876    10.5     414
     604      *      279     663       7     651
     605      *      279     663      13     622
     606      *      281     884      10     377
     607      *      967     820       9     585
     608      *      965     849      11      81
     609      *      964     828     9.5      96
     610      *      963     832      14     326
     611      *      611     962      65     382
     612      *      612     611      21     382
     613      *      613     611      65     229
     614      *      614     613      65     141
     615      *      615     614      65     178
     616      *      616     913      12      44
     617      *      617     616      12      96
     618      *      618     616      10      74
     619      *      619     617      10      74
     620      *      620     615      30     326
     621      *      621     620      14      74
     622      *      622     621      11     429
     623      *      623     620      28     296
     624      *      624     623      28     207
     625      *      625     624      25     111
     626      *      626     625      13     296
     627      *      627     625    26.5     126
     628      *      628     627    26.5      81
     629      *      629     628    26.5     400
     630      *      630     629      28     148
     631      *      631     630    22.5     525
     632      *      632     631      18     755
     633      *      633     632      12      30
     634      *      634     633      12     104
     635      *      635     634       7     718
     636      *      636     631    16.5     407
     637      *      637     636    14.5      81
     638      *      638     630      20     289
     639      *      639     638     9.5     104
     640      *      640     638      18     444
     641      *      641     640      19     133
     642      *      642     641      17     370
     643      *      643     642      17     281
     644      *      644     643      16     555
     645      *      645     644      17     163
     646      *      646     645      14     118
     647      *      647     913      65     444
     648      *      648     647      30      37
     649      *      649     648      30      96
     650      *      650     648      15     340
     651      *      651     649      30      37
     652      *      652     651      30      52
     653      *      653     652      30     111
     654      *      654     653      18      67
     655      *      655     653      27     725
     656      *      656     654      15      59
     657      *      657     656     9.5     148
     658      *      658     655      14     311
     659      *      659     655    22.5     333
     660      *      660     659      17     666
     661      *      661     660      13      22
     662      *      662     659      17     363
     663      *      663     662      17     237
     664      *      664     647      65    1717
     665      *      665     664      66     333
     666      *      666     665      68     296
     667      *      667     665       9      52
     668      *      668     667      15     237
     669      *      669     668      15     111
     670      *      670     666      37    1251
     671      *      671     670      32     577
     672      *      672     671      32     296
     673      *      673     672      33     414
     674      *      674     673      22     333
     675      *      675     674    11.5     222
     676      *      676     674      22     444
     677      *      677     676      16     163
     678      *      678     673      30     333
     679      *      679     678      13     311
     680      *      680     679      12      59
     681      *      681     678      27     303
     682      *      682     681      27     770
     683      *      683     681      17      52
     684      *      684     683      15     607
     685      *      685     684      12     311
     686      *      686     682      24      52
     687      *      687     686      22      81
     688      *      688     686      13     385
     689      *      689     688      13     363
     690      *      690     688      11     382
     691      *      691     692    11.5     382
     692      *      692     687      13     163
     693      *      693     687      18     237
     694      *      694     693      18     207
     695      *      695     694      19     289
     696      *      696     666      66     281
     697      *      697     696      38      59
     698      *      698     697      38     104
     699      *      699     697      18     148
     700      *      700     699      20     851
     701      *      701     700    12.5     237
     702      *      702     700      17     518
     703      *      703     702      10      44
     704      *      704     702      15     629
     705      *      705     698      38     481
     706      *      706     705      38     118
     707      *      707     706      38     400
     708      *      708     707      40     725
     709      *      709     707      20      96
     710      *      710     709      20     592
     711      *      711     708      40     363
     712      *      712     711      27     192
     713      *      713     712      27     222
     714      *      714     713      18     222
     715      *      715     714      18     289
     716      *      716     715    17.5     518
     717      *      717     711      43     777
     718      *      718     717      30      96
     719      *      719     718    13.5    1302
     720      *      720     719      10    1199
     721      *      721     720      10     222
     722      *      722     718      30    1036
     723      *      723     722      17     585
     724      *      724     723    14.5     118
     725      *      725     724      12      44
     726      *      726     725     9.5     333
     727      *      727     724    11.5     429
     728      *      728     722      27     296
     729      *      729     728      26     148
     730      *      730     729      16     681
     731      *      731     728      21     126
     732      *      732     731      12     148
     733      *      733     731      18     382
     734      *      734     717      33     311
     735      *      735     734      26     274
     736      *      736     735      18     303
     737      *      737     735      12      74
     738      *      738     737       7     259
     739      *      739     736      17     474
     740      *      740     739      11      52
     741      *      741     740      11      15
     742      *      742     741      11     444
     743      *      743     736      13     444
     744      *      744     743    12.5     429
     746      *      746     696      59     296
     747      *      747     746      20     178
     748      *      748     747      19     444
     749      *      749     748      11     555
     750      *      750     746      58     400
     751      *      751     750      22     296
     752      *      752     751      20     237
     753      *      753     752      15     133
     754      *      754     753      15     252
     755      *      755     750      56     829
     756      *      756     755      11     155
     757      *      757     755      54     444
     758      *      758     757      20     259
     759      *      759     758      20     200
     760      *      760     759       9      96
     761      *      761     759      15     725
     762      *      762     761      11     192
     763      *      763     761      10     548
     764      *      764     757      53     311
     765      *      765     764      17     215
     766      *      766     765      17     392
     767      *      767     764      50     133
     768      *      768     767      18     118
     769      *      769     768      15     303
     770      *      770     769      10     244
     771      *      771     768      15      74
     772      *      772     771      13     518
     773      *      773     767      52     370
     774      *      774     773      54      81
     775      *      775     774      54     126
     776      *      776     775      25     355
     777      *      777     776      25      74
     778      *      778     777      11     777
     779      *      779     778      12     148
     780      *      780     779      13     525
     781      *      781     777      25     207
     782      *      782     781      25      81
     783      *      783     782      24     385
     784      *      784     782      12     814
     785      *      785     784      10     622
     786      *      786     783      18     518
     787      *      787     783      23     385
     788      *      788     787      21    1021
     789      *      789     787      12     185
     790      *      790     789      10      37
     791      *      791     790       9      37
     792      *      792     788      21    1095
     793      *      793     792      15     133
     794      *      794     793      15     274
     795      *      795     793      10     392
     796      *      796     775      52     518
     797      *      797     796      46      15
     798      *      798     797      46     451
     799      *      799     798      42     340
     800      *      800     799      14     459
     801      *      801     800      12      81
     802      *      802     801      11     244
     803      *      803     799      42     518
     804      *      804     803      41     296
     805      *      805     804      42      59
     806      *      806     805       8     111
     807      *      807     805      42     192
     808      *      808     807      15      44
     809      *      809     808      15     222
     810      *      810     809      15     215
     811      *      811     810    12.5     148
     812      *      812     807      42     659
     813      *      813     812      35     207
     814      *      814     813       9      96
     815      *      815     813      33     444
     816      *      816     815      34     111
     817      *      817     816      34     237
     818      *      818     817      10      89
     819      *      819     817      32     155
     820      *      820     819      11     259
     821      *      821     819      29     666
     822      *      822     821      20     518
     823      *      823     822      15      30
     824      *      824     822      15     873
     825      *      825     824      12     200
     826      *      826     824      12     296
     827      *      827     821      28     155
     828      *      828     827      10     200
     829      *      829     828    12.5     355
     830      *      830     829      12     141
     831      *      831     827      28     155
     832      *      832     831    27.5     259
     833      *      833     832      28     382
     834      *      834     831      17    1273
     835      *      835     834      14     229
     836      *      836     834      13     382
     837      *      837     812      31     725
     838      *      838     837      16     770
     839      *      839     838      11     155
     840      *      840     837      34     289
     841      *      841     840      29     382
     842      *      842     840      30     170
     843      *      843     842      13     118
     844      *      844     842      30     511
     845      *      845     844      30     444
     846      *      846     844      12     141
     847      *      847     846      10      59
     848      *      848     846      11      96
     849      *      849     845      12      44
     850      *      850     845      29     382
     851      *      851     961    14.5     577
     852      *      852     851      12     382
     853      *      853     851      10     126
     854      *      854     960      28     170
     855      *      855     854    16.5     111
     856      *      856     854      32     133
     857      *      857     856      23     577
     858      *      858     856      28     370
     859      *      859     857      10     111
     860      *      860     859       9     148
     861      *      861     860       9     414
     862      *      862     857      24     333
     863      *      863     862      19     126
     864      *      864     863      10     666
     865      *      865     862      24     444
     866      *      866     858      20     266
     867      *      867     866    18.5     185
     868      *      868     858      32     444
     869      *      869     868      18      22
     870      *      870     869      18      81
     871      *      871     870    13.5     385
     872      *      872     870      11     955
     873      *      873     865      23      22
     874      *      874     959      28     382
     875      *      875     874      26     133
     876      *      876     875      26     148
     877      *      877     876      21     296
     878      *      878     877      21     281
     879      *      879     878      15     259
     880      *      880     958    22.5     382
     881      *      881     880      15     178
     882      *      882     880      20     385
     883      *      883     881      15     382
     884      *      884     882      16      67
     885      *      885     884      15     259
     886      *      886     885      11     148
     887      *      887     957      16     533
     888      *      888     887      15     533
     889      *      889     956      32     222
     890      *      890     889      27     777
     891      *      891     889    23.5     385
     892      *      892     891      23     355
     893      *      893     892      19     829
     894      *      894     893      12     207
     895      *      895     896      11     155
     896      *      896     894      11      30
     897      *      897     890    12.5     703
     898      *      898     890      23     170
     899      *      899     898      20     289
     900      *      900     899    16.5     148
     901      *      901     898      16     252
     902      *      902     901      15     259
     903      *      903     955      28     382
     904      *      904     903    15.5     770
     905      *      905     904      13     281
     906      *      906     905      12     185
     907      *      907     903      21     407
     908      *      908     907    17.5     355
     909      *      909     908     9.5     237
     910      *      910     908      10     259
     911      *      911     907      19     340
     912      *      912     911      14     382
     913      *      913     615      65      30
     916      *      292     916      16   348.9
     917      *      917     730      18   348.9
     952      *      914     952      20   348.9
     953      *      915     953      15   348.9
